315 114 119
323 112 113
330 110 107
338 109 102
345 106 100
351 103 97
358 99 95
367 95 95
377 89 96
383 86 96
392 81 99
400 76 102
414 71 109
425 67 115
434 64 121
449 60 129
462 57 139
480 56 151
491 56 159
502 55 166
513 57 173
520 60 179
531 63 186
540 67 193
551 73 199
559 79 204
569 88 211
577 99 216
587 110 222
593 124 227
597 134 231
603 144 233
605 155 237
607 170 240
608 187 245
607 202 248
604 214 251
602 224 252
599 238 252
595 248 250
591 257 248
585 266 247
580 275 246
574 281 244
572 288 244
564 294 242
555 299 239
547 306 236
538 311 232
528 314 228
521 314 226
515 315 224
499 316 215
486 316 209
475 311 202
465 307 196
458 302 190
452 294 184
443 291 176
440 287 172
437 280 167
435 270 162
435 262 158
433 255 154
432 247 150
434 238 146
436 230 143
439 222 141
443 214 138
448 205 136
454 197 135
462 189 135
468 183 136
473 177 136
482 171 137
496 165 143
504 162 146
516 162 152
530 164 157
540 168 164
546 171 166
554 178 170
560 187 174
564 196 176
567 205 178
568 213 179
568 225 179
565 235 177
561 247 174
555 256 170
549 262 165
542 267 160
535 270 155
528 272 147
521 271 141
516 268 135
510 264 129
505 257 121
503 252 118
502 246 114
502 234 110
505 223 106
511 216 108
514 209 106
521 204 108
527 200 110
532 198 112
539 198 114
545 199 117
551 204 120
551 209 122
