314.55 113.58 118.92
315.38 113.38 118.23
316.22 113.18 117.56
317.06 112.98 116.89
317.90 112.78 116.23
318.74 112.59 115.58
319.59 112.41 114.93
320.44 112.22 114.29
321.29 112.04 113.65
322.14 111.86 113.02
323.00 111.69 112.39
323.86 111.52 111.76
324.72 111.36 111.13
325.58 111.20 110.50
326.44 111.05 109.86
327.31 110.90 109.23
328.18 110.75 108.59
329.04 110.62 107.94
329.91 110.48 107.29
330.79 110.35 106.64
331.66 110.23 105.98
332.54 110.10 105.34
333.43 109.96 104.71
334.33 109.80 104.12
335.24 109.63 103.55
336.16 109.44 103.04
337.10 109.22 102.57
338.06 108.97 102.16
339.04 108.68 101.81
340.03 108.37 101.51
341.02 108.03 101.24
342.02 107.66 100.98
343.01 107.28 100.73
343.99 106.88 100.46
344.95 106.47 100.16
345.89 106.05 99.81
346.81 105.63 99.43
347.71 105.20 99.00
348.59 104.75 98.56
349.47 104.30 98.11
350.35 103.84 97.66
351.23 103.37 97.23
352.12 102.89 96.83
353.02 102.40 96.46
353.93 101.89 96.13
354.84 101.38 95.83
355.77 100.87 95.58
356.70 100.36 95.36
357.64 99.84 95.18
358.58 99.33 95.05
359.53 98.81 94.96
360.49 98.31 94.90
361.44 97.80 94.89
362.40 97.29 94.89
363.36 96.79 94.93
364.32 96.28 94.97
365.28 95.77 95.04
366.24 95.26 95.10
367.20 94.74 95.17
368.15 94.22 95.24
369.09 93.70 95.30
370.04 93.17 95.36
370.98 92.63 95.42
371.92 92.10 95.47
372.85 91.56 95.52
373.79 91.01 95.57
374.72 90.47 95.61
375.66 89.92 95.64
376.60 89.37 95.68
377.53 88.81 95.70
378.47 88.26 95.73
379.41 87.70 95.76
380.34 87.15 95.82
381.27 86.60 95.90
382.20 86.06 96.02
383.12 85.53 96.19
384.04 85.01 96.41
384.95 84.50 96.68
385.85 83.99 96.98
386.76 83.49 97.31
387.66 83.00 97.66
388.56 82.50 98.02
389.46 82.01 98.40
390.36 81.51 98.77
391.26 81.01 99.13
392.16 80.51 99.48
393.07 80.01 99.81
393.98 79.50 100.13
394.89 79.00 100.43
395.81 78.50 100.72
396.73 78.00 101.02
397.65 77.52 101.31
398.58 77.04 101.62
399.50 76.59 101.94
400.43 76.15 102.28
401.35 75.73 102.63
402.28 75.33 103.01
403.21 74.95 103.41
404.14 74.58 103.82
405.07 74.22 104.25
406.00 73.88 104.70
406.92 73.54 105.15
407.85 73.22 105.62
408.78 72.90 106.10
409.70 72.58 106.58
410.62 72.27 107.07
411.54 71.96 107.57
412.46 71.66 108.07
413.38 71.35 108.58
414.29 71.03 109.08
415.20 70.72 109.58
416.11 70.39 110.09
417.01 70.07 110.59
417.92 69.74 111.10
418.81 69.41 111.60
419.71 69.07 112.11
420.61 68.73 112.62
421.50 68.39 113.13
422.39 68.05 113.64
423.28 67.71 114.15
424.17 67.36 114.67
425.05 67.02 115.19
425.94 66.67 115.71
426.82 66.32 116.23
427.71 65.97 116.76
428.59 65.63 117.28
429.48 65.29 117.81
430.36 64.96 118.34
431.26 64.64 118.86
432.15 64.32 119.38
433.05 64.01 119.91
433.96 63.72 120.42
434.87 63.43 120.94
435.78 63.16 121.45
436.71 62.90 121.96
437.63 62.65 122.47
438.56 62.41 122.98
439.49 62.18 123.49
440.42 61.96 124.00
441.35 61.74 124.52
442.28 61.53 125.04
443.21 61.33 125.57
444.13 61.13 126.10
445.05 60.93 126.64
445.97 60.74 127.19
446.88 60.55 127.74
447.78 60.36 128.31
448.68 60.17 128.89
449.57 59.98 129.48
450.45 59.79 130.08
451.32 59.60 130.69
452.19 59.41 131.32
453.05 59.23 131.95
453.90 59.04 132.58
454.76 58.86 133.23
455.61 58.67 133.88
456.46 58.49 134.53
457.30 58.31 135.18
458.15 58.14 135.84
459.00 57.97 136.49
459.85 57.80 137.15
460.70 57.64 137.80
461.55 57.48 138.45
462.41 57.32 139.10
463.28 57.18 139.74
464.14 57.03 140.38
465.01 56.90 141.01
465.89 56.76 141.64
466.76 56.64 142.27
467.65 56.52 142.89
468.53 56.41 143.52
469.41 56.31 144.13
470.30 56.21 144.75
471.19 56.12 145.37
472.08 56.04 145.98
472.97 55.96 146.59
473.87 55.90 147.21
474.76 55.84 147.82
475.66 55.79 148.43
476.55 55.75 149.04
477.45 55.72 149.65
478.34 55.70 150.27
479.23 55.69 150.88
480.13 55.69 151.50
481.02 55.70 152.11
481.91 55.72 152.73
482.80 55.74 153.35
483.70 55.76 153.97
484.59 55.79 154.58
485.48 55.81 155.20
486.37 55.84 155.81
487.27 55.86 156.43
488.17 55.87 157.04
489.06 55.88 157.64
489.96 55.87 158.24
490.87 55.86 158.84
491.77 55.83 159.44
492.68 55.78 160.02
493.59 55.73 160.61
494.50 55.68 161.19
495.42 55.62 161.77
496.33 55.56 162.34
497.25 55.50 162.92
498.17 55.45 163.49
499.10 55.41 164.06
500.02 55.38 164.62
500.95 55.36 165.19
501.88 55.36 165.76
502.81 55.38 166.32
503.74 55.42 166.89
504.66 55.49 167.46
505.59 55.57 168.03
506.51 55.68 168.60
507.42 55.81 169.19
508.32 55.96 169.78
509.22 56.14 170.37
510.09 56.34 170.98
510.96 56.57 171.60
511.80 56.82 172.23
512.63 57.09 172.87
513.44 57.39 173.53
514.23 57.71 174.20
515.00 58.04 174.88
515.77 58.39 175.57
516.53 58.74 176.26
517.30 59.09 176.94
518.07 59.43 177.63
518.85 59.76 178.30
519.65 60.07 178.96
520.47 60.36 179.60
521.31 60.63 180.23
522.16 60.89 180.85
523.03 61.13 181.45
523.91 61.36 182.05
524.79 61.58 182.63
525.69 61.81 183.21
526.59 62.03 183.78
527.49 62.26 184.35
528.39 62.50 184.91
529.29 62.75 185.46
530.18 63.01 186.02
531.07 63.30 186.57
531.94 63.60 187.13
532.82 63.93 187.68
533.68 64.27 188.24
534.54 64.62 188.79
535.39 64.99 189.35
536.25 65.36 189.90
537.10 65.75 190.46
537.95 66.14 191.01
538.80 66.53 191.56
539.65 66.92 192.12
540.50 67.32 192.67
541.36 67.71 193.21
542.22 68.10 193.76
543.08 68.49 194.30
543.94 68.89 194.84
544.80 69.29 195.38
545.65 69.70 195.91
546.50 70.13 196.44
547.34 70.57 196.95
548.18 71.03 197.47
549.01 71.51 197.97
549.82 72.02 198.47
550.62 72.54 198.95
551.42 73.10 199.43
552.19 73.68 199.90
552.96 74.28 200.36
553.72 74.90 200.82
554.47 75.54 201.27
555.22 76.18 201.72
555.96 76.84 202.17
556.70 77.50 202.62
557.44 78.15 203.08
558.18 78.81 203.54
558.92 79.46 204.01
559.66 80.10 204.48
560.41 80.74 204.96
561.16 81.37 205.45
561.90 81.99 205.94
562.65 82.62 206.43
563.39 83.25 206.92
564.12 83.88 207.42
564.85 84.52 207.91
565.56 85.17 208.39
566.27 85.83 208.88
566.96 86.51 209.35
567.64 87.20 209.82
568.31 87.91 210.28
568.95 88.65 210.73
569.58 89.40 211.17
570.20 90.18 211.60
570.80 90.96 212.03
571.40 91.77 212.44
571.99 92.58 212.85
572.58 93.39 213.26
573.17 94.22 213.66
573.76 95.04 214.06
574.35 95.85 214.46
574.96 96.67 214.86
575.57 97.47 215.26
576.20 98.26 215.67
576.85 99.04 216.08
577.51 99.80 216.49
578.18 100.55 216.91
578.87 101.28 217.33
579.57 102.01 217.75
580.27 102.74 218.17
580.97 103.46 218.59
581.67 104.19 219.01
582.36 104.91 219.43
583.05 105.65 219.84
583.72 106.39 220.25
584.38 107.14 220.65
585.03 107.91 221.04
585.65 108.69 221.43
586.25 109.50 221.80
586.83 110.33 222.17
587.38 111.18 222.52
587.90 112.05 222.87
588.39 112.94 223.21
588.87 113.85 223.54
589.32 114.78 223.86
589.76 115.72 224.18
590.18 116.67 224.50
590.59 117.64 224.81
590.98 118.61 225.12
591.37 119.58 225.43
591.74 120.56 225.75
592.11 121.55 226.06
592.48 122.53 226.38
592.84 123.51 226.71
593.21 124.49 227.04
593.57 125.46 227.37
593.94 126.42 227.72
594.31 127.39 228.06
594.69 128.34 228.40
595.08 129.29 228.75
595.48 130.24 229.09
595.90 131.18 229.42
596.33 132.12 229.75
596.77 133.06 230.06
597.23 133.99 230.37
597.72 134.91 230.66
598.22 135.84 230.93
598.73 136.76 231.20
599.25 137.68 231.46
599.77 138.60 231.71
600.29 139.53 231.97
600.79 140.46 232.23
601.28 141.39 232.49
601.74 142.33 232.76
602.18 143.27 233.04
602.58 144.23 233.34
602.95 145.19 233.65
603.28 146.17 233.98
603.57 147.15 234.32
603.83 148.14 234.66
604.07 149.14 235.02
604.28 150.15 235.37
604.47 151.16 235.73
604.65 152.18 236.08
604.81 153.20 236.42
604.97 154.23 236.74
605.12 155.27 237.06
605.27 156.31 237.35
605.41 157.35 237.63
605.55 158.39 237.89
605.69 159.44 238.15
605.83 160.49 238.39
605.97 161.54 238.62
606.11 162.59 238.84
606.24 163.64 239.06
606.37 164.69 239.28
606.50 165.75 239.50
606.62 166.80 239.72
606.75 167.85 239.94
606.87 168.90 240.17
606.99 169.95 240.41
607.10 171.00 240.66
607.21 172.05 240.92
607.32 173.10 241.19
607.43 174.14 241.46
607.53 175.18 241.74
607.62 176.23 242.03
607.71 177.27 242.31
607.79 178.31 242.60
607.86 179.36 242.89
607.93 180.40 243.18
607.99 181.45 243.46
608.04 182.49 243.74
608.08 183.54 244.02
608.10 184.59 244.28
608.12 185.65 244.54
608.13 186.70 244.79
608.13 187.76 245.03
608.11 188.82 245.26
608.08 189.88 245.48
608.04 190.95 245.69
607.98 192.01 245.90
607.92 193.08 246.11
607.84 194.14 246.31
607.74 195.21 246.51
607.64 196.27 246.72
607.52 197.33 246.92
607.38 198.38 247.13
607.24 199.44 247.35
607.08 200.49 247.58
606.90 201.53 247.81
606.71 202.57 248.05
606.51 203.60 248.31
606.29 204.63 248.57
606.07 205.66 248.83
605.84 206.68 249.10
605.60 207.71 249.37
605.35 208.73 249.64
605.10 209.75 249.91
604.85 210.78 250.16
604.60 211.80 250.41
604.35 212.83 250.65
604.11 213.86 250.88
603.87 214.90 251.09
603.63 215.94 251.28
603.40 216.98 251.46
603.18 218.03 251.62
602.96 219.08 251.77
602.75 220.14 251.90
602.55 221.20 252.01
602.36 222.26 252.11
602.17 223.33 252.19
602.00 224.41 252.25
601.83 225.48 252.29
601.67 226.56 252.32
601.51 227.64 252.33
601.35 228.72 252.33
601.18 229.80 252.31
601.01 230.87 252.28
600.82 231.95 252.22
600.63 233.01 252.16
600.41 234.07 252.08
600.18 235.12 251.99
599.92 236.17 251.88
599.63 237.20 251.76
599.31 238.22 251.63
598.96 239.23 251.48
598.59 240.23 251.32
598.19 241.22 251.16
597.78 242.21 250.99
597.35 243.19 250.81
596.92 244.17 250.63
596.49 245.16 250.45
596.06 246.14 250.26
595.64 247.13 250.08
595.23 248.12 249.90
594.83 249.12 249.73
594.44 250.13 249.56
594.05 251.13 249.39
593.66 252.14 249.22
593.27 253.14 249.06
592.85 254.13 248.90
592.42 255.10 248.74
591.96 256.06 248.59
591.46 257.01 248.43
590.93 257.93 248.27
590.36 258.83 248.12
589.77 259.72 247.96
589.15 260.60 247.82
588.52 261.47 247.67
587.88 262.34 247.53
587.25 263.21 247.40
586.62 264.09 247.27
586.00 264.98 247.16
585.41 265.89 247.05
584.84 266.82 246.95
584.29 267.76 246.86
583.76 268.71 246.78
583.23 269.66 246.69
582.70 270.60 246.59
582.14 271.53 246.49
581.57 272.44 246.37
580.96 273.32 246.22
580.30 274.16 246.05
579.59 274.97 245.85
578.83 275.72 245.62
578.02 276.45 245.36
577.20 277.16 245.09
576.38 277.86 244.81
575.60 278.59 244.54
574.88 279.35 244.29
574.23 280.16 244.07
573.69 281.04 243.88
573.27 282.00 243.75
572.96 283.04 243.66
572.70 284.11 243.60
572.46 285.19 243.57
572.18 286.25 243.54
571.83 287.27 243.52
571.37 288.21 243.49
570.77 289.06 243.43
570.06 289.84 243.36
569.25 290.55 243.27
568.37 291.20 243.15
567.43 291.81 243.01
566.45 292.37 242.85
565.45 292.91 242.65
564.45 293.42 242.43
563.46 293.92 242.17
562.49 294.42 241.88
561.55 294.91 241.57
560.64 295.41 241.24
559.74 295.92 240.89
558.86 296.43 240.53
558.00 296.96 240.16
557.16 297.51 239.79
556.33 298.08 239.43
555.52 298.67 239.07
554.72 299.30 238.73
553.93 299.95 238.41
553.15 300.64 238.10
552.38 301.34 237.80
551.61 302.05 237.50
550.84 302.76 237.21
550.07 303.47 236.91
549.29 304.17 236.61
548.50 304.86 236.30
547.70 305.51 235.98
546.89 306.14 235.63
546.06 306.72 235.27
545.21 307.27 234.88
544.35 307.78 234.48
543.47 308.26 234.07
542.58 308.72 233.65
541.67 309.15 233.23
540.76 309.57 232.81
539.83 309.96 232.40
538.89 310.35 231.99
537.94 310.74 231.60
536.98 311.11 231.22
536.02 311.47 230.85
535.05 311.83 230.50
534.07 312.16 230.16
533.08 312.47 229.82
532.09 312.76 229.49
531.08 313.01 229.16
530.08 313.24 228.84
529.06 313.43 228.52
528.04 313.58 228.20
527.02 313.68 227.87
525.99 313.76 227.55
524.95 313.81 227.22
523.92 313.86 226.88
522.89 313.91 226.55
521.86 313.99 226.20
520.84 314.09 225.85
519.83 314.24 225.50
518.82 314.41 225.14
517.82 314.60 224.76
516.82 314.80 224.38
515.83 314.99 223.97
514.85 315.17 223.56
513.88 315.32 223.12
512.91 315.46 222.67
511.94 315.58 222.20
510.98 315.67 221.72
510.02 315.76 221.23
509.07 315.83 220.72
508.11 315.89 220.21
507.16 315.93 219.70
506.21 315.97 219.18
505.26 316.00 218.65
504.30 316.02 218.13
503.35 316.04 217.60
502.39 316.05 217.08
501.43 316.06 216.56
500.46 316.07 216.05
499.50 316.09 215.54
498.52 316.11 215.05
497.54 316.12 214.56
496.56 316.14 214.08
495.57 316.16 213.61
494.58 316.17 213.14
493.60 316.17 212.67
492.61 316.16 212.21
491.63 316.13 211.74
490.66 316.08 211.27
489.69 316.02 210.80
488.73 315.92 210.32
487.77 315.80 209.83
486.83 315.65 209.34
485.90 315.47 208.83
484.98 315.26 208.31
484.08 315.01 207.79
483.18 314.74 207.25
482.29 314.44 206.71
481.41 314.12 206.16
480.54 313.79 205.61
479.67 313.44 205.05
478.80 313.08 204.49
477.93 312.71 203.94
477.07 312.34 203.38
476.20 311.97 202.83
475.34 311.59 202.28
474.47 311.23 201.74
473.60 310.86 201.20
472.73 310.50 200.66
471.85 310.14 200.13
470.98 309.79 199.60
470.11 309.43 199.06
469.25 309.06 198.52
468.39 308.70 197.98
467.53 308.33 197.43
466.68 307.95 196.87
465.84 307.56 196.30
465.01 307.17 195.72
464.19 306.76 195.12
463.38 306.34 194.52
462.59 305.89 193.91
461.82 305.42 193.30
461.07 304.93 192.69
460.34 304.39 192.08
459.64 303.83 191.47
458.97 303.21 190.87
458.33 302.56 190.28
457.72 301.85 189.71
457.15 301.09 189.15
456.61 300.30 188.59
456.09 299.48 188.05
455.57 298.66 187.51
455.06 297.85 186.96
454.54 297.06 186.41
454.00 296.30 185.86
453.43 295.60 185.28
452.84 294.96 184.69
452.20 294.41 184.08
451.51 293.94 183.45
450.79 293.56 182.80
450.02 293.24 182.12
449.23 292.97 181.43
448.43 292.73 180.72
447.61 292.51 180.01
446.80 292.30 179.29
445.99 292.08 178.56
445.19 291.83 177.83
444.42 291.54 177.10
443.69 291.19 176.37
442.99 290.77 175.65
442.33 290.27 174.94
441.73 289.69 174.24
441.16 289.05 173.56
440.65 288.35 172.89
440.17 287.60 172.25
439.73 286.81 171.63
439.34 285.99 171.04
438.98 285.14 170.47
438.65 284.26 169.92
438.34 283.37 169.39
438.05 282.46 168.87
437.77 281.55 168.36
437.50 280.62 167.86
437.22 279.69 167.36
436.93 278.77 166.86
436.64 277.84 166.37
436.35 276.91 165.87
436.06 275.98 165.37
435.80 275.05 164.87
435.55 274.11 164.38
435.33 273.17 163.90
435.15 272.22 163.42
435.00 271.26 162.95
434.91 270.29 162.48
434.86 269.30 162.03
434.86 268.31 161.58
434.89 267.31 161.13
434.93 266.31 160.68
434.97 265.32 160.21
435.00 264.35 159.74
434.98 263.39 159.24
434.92 262.46 158.71
434.80 261.55 158.16
434.60 260.67 157.57
434.35 259.82 156.96
434.06 258.97 156.34
433.75 258.13 155.72
433.44 257.29 155.10
433.13 256.43 154.50
432.85 255.55 153.92
432.61 254.64 153.38
432.42 253.70 152.88
432.27 252.73 152.40
432.16 251.75 151.95
432.10 250.75 151.51
432.08 249.74 151.09
432.09 248.73 150.68
432.14 247.71 150.27
432.23 246.71 149.85
432.36 245.71 149.43
432.51 244.72 149.01
432.69 243.74 148.58
432.90 242.77 148.15
433.11 241.80 147.72
433.34 240.83 147.30
433.58 239.86 146.88
433.81 238.88 146.46
434.05 237.90 146.06
434.27 236.92 145.66
434.49 235.92 145.28
434.71 234.93 144.91
434.93 233.93 144.55
435.16 232.93 144.19
435.40 231.93 143.85
435.65 230.93 143.51
435.93 229.94 143.17
436.23 228.95 142.85
436.56 227.97 142.52
436.90 226.99 142.20
437.27 226.02 141.89
437.65 225.05 141.58
438.04 224.09 141.27
438.45 223.13 140.97
438.87 222.17 140.67
439.29 221.22 140.37
439.73 220.27 140.08
440.17 219.32 139.79
440.62 218.38 139.50
441.08 217.43 139.22
441.54 216.49 138.96
442.02 215.55 138.70
442.50 214.62 138.45
443.00 213.68 138.21
443.51 212.75 137.99
444.02 211.82 137.77
444.55 210.89 137.57
445.09 209.97 137.38
445.64 209.05 137.19
446.20 208.14 137.01
446.78 207.23 136.84
447.36 206.34 136.67
447.96 205.45 136.51
448.57 204.57 136.36
449.20 203.70 136.20
449.83 202.84 136.05
450.48 201.98 135.91
451.13 201.13 135.76
451.79 200.28 135.63
452.45 199.43 135.49
453.12 198.58 135.36
453.79 197.73 135.24
454.46 196.88 135.12
455.13 196.03 135.01
455.81 195.17 134.90
456.49 194.32 134.82
457.18 193.48 134.74
457.88 192.65 134.69
458.60 191.83 134.67
459.33 191.03 134.67
460.09 190.26 134.70
460.86 189.51 134.77
461.67 188.78 134.88
462.49 188.09 135.03
463.34 187.42 135.21
464.20 186.77 135.40
465.05 186.11 135.59
465.90 185.45 135.77
466.73 184.77 135.93
467.53 184.06 136.06
468.30 183.32 136.13
469.02 182.53 136.14
469.70 181.71 136.10
470.36 180.85 136.02
471.00 179.98 135.92
471.65 179.10 135.81
472.30 178.23 135.71
472.98 177.38 135.64
473.69 176.56 135.61
474.45 175.77 135.62
475.24 175.02 135.68
476.06 174.31 135.78
476.92 173.63 135.93
477.79 172.99 136.11
478.69 172.39 136.33
479.60 171.83 136.59
480.52 171.30 136.88
481.45 170.81 137.19
482.38 170.36 137.54
483.31 169.94 137.91
484.25 169.56 138.30
485.19 169.20 138.71
486.13 168.86 139.13
487.07 168.53 139.56
488.01 168.22 140.00
488.96 167.92 140.43
489.91 167.62 140.87
490.86 167.32 141.30
491.81 167.01 141.71
492.76 166.69 142.12
493.72 166.36 142.51
494.68 166.01 142.87
495.64 165.63 143.21
496.60 165.23 143.52
497.57 164.80 143.81
498.54 164.36 144.08
499.50 163.91 144.34
500.47 163.48 144.61
501.43 163.06 144.89
502.39 162.68 145.19
503.35 162.33 145.52
504.31 162.04 145.88
505.26 161.80 146.29
506.20 161.62 146.74
507.15 161.48 147.22
508.10 161.39 147.73
509.04 161.33 148.25
509.99 161.31 148.79
510.95 161.32 149.34
511.91 161.36 149.88
512.87 161.41 150.42
513.85 161.48 150.95
514.83 161.56 151.46
515.82 161.64 151.94
516.83 161.72 152.40
517.84 161.80 152.82
518.86 161.89 153.22
519.89 161.98 153.60
520.92 162.08 153.97
521.95 162.19 154.33
522.97 162.31 154.69
523.99 162.44 155.04
525.00 162.59 155.40
526.00 162.76 155.78
526.98 162.95 156.17
527.94 163.16 156.58
528.89 163.40 157.01
529.81 163.67 157.48
530.71 163.97 157.98
531.58 164.29 158.51
532.44 164.64 159.06
533.29 165.00 159.63
534.13 165.39 160.21
534.96 165.79 160.79
535.79 166.21 161.36
536.63 166.63 161.93
537.47 167.06 162.48
538.32 167.50 163.00
539.18 167.94 163.50
540.07 168.37 163.96
540.97 168.81 164.38
541.89 169.24 164.78
542.81 169.69 165.14
543.73 170.16 165.49
544.64 170.64 165.82
545.53 171.16 166.14
546.41 171.71 166.46
547.25 172.29 166.79
548.07 172.91 167.12
548.87 173.56 167.45
549.65 174.24 167.79
550.40 174.94 168.14
551.15 175.65 168.49
551.87 176.39 168.85
552.58 177.13 169.22
553.28 177.89 169.60
553.97 178.65 169.99
554.65 179.41 170.39
555.32 180.19 170.79
555.97 180.97 171.19
556.61 181.76 171.59
557.22 182.57 171.98
557.82 183.40 172.37
558.39 184.24 172.74
558.93 185.09 173.10
559.45 185.97 173.43
559.93 186.88 173.75
560.39 187.80 174.04
560.82 188.75 174.30
561.23 189.71 174.55
561.63 190.69 174.79
562.02 191.67 175.02
562.41 192.66 175.25
562.80 193.66 175.47
563.20 194.65 175.70
563.63 195.64 175.94
564.07 196.62 176.19
564.53 197.59 176.45
564.99 198.56 176.72
565.44 199.53 176.99
565.88 200.50 177.25
566.30 201.47 177.51
566.67 202.45 177.76
567.00 203.45 177.99
567.27 204.45 178.20
567.47 205.48 178.38
567.59 206.52 178.54
567.65 207.58 178.67
567.67 208.65 178.79
567.65 209.73 178.89
567.61 210.83 178.97
567.57 211.93 179.05
567.53 213.03 179.12
567.52 214.13 179.19
567.54 215.23 179.26
567.58 216.33 179.33
567.62 217.42 179.39
567.67 218.52 179.44
567.71 219.61 179.47
567.73 220.69 179.48
567.74 221.77 179.47
567.71 222.84 179.44
567.65 223.90 179.37
567.54 224.96 179.28
567.38 226.00 179.15
567.17 227.04 178.98
566.92 228.07 178.79
566.65 229.10 178.58
566.34 230.12 178.35
566.02 231.13 178.11
565.68 232.15 177.86
565.34 233.16 177.60
564.99 234.18 177.34
564.66 235.19 177.09
564.33 236.20 176.84
564.00 237.22 176.59
563.68 238.23 176.34
563.36 239.24 176.09
563.04 240.24 175.83
562.72 241.24 175.57
562.39 242.24 175.30
562.05 243.22 175.02
561.70 244.20 174.73
561.33 245.17 174.42
560.95 246.12 174.10
560.55 247.07 173.76
560.14 248.00 173.39
559.70 248.92 173.01
559.24 249.82 172.62
558.76 250.71 172.21
558.26 251.58 171.79
557.73 252.43 171.36
557.19 253.27 170.92
556.62 254.09 170.48
556.03 254.89 170.04
555.41 255.67 169.60
554.77 256.42 169.16
554.11 257.16 168.72
553.43 257.88 168.28
552.74 258.58 167.83
552.03 259.27 167.37
551.32 259.95 166.90
550.61 260.61 166.42
549.89 261.26 165.93
549.18 261.90 165.41
548.47 262.53 164.88
547.77 263.16 164.32
547.08 263.77 163.74
546.38 264.37 163.15
545.68 264.95 162.55
544.97 265.50 161.95
544.24 266.03 161.34
543.50 266.52 160.73
542.73 266.98 160.13
541.93 267.39 159.53
541.10 267.77 158.95
540.25 268.11 158.37
539.39 268.43 157.79
538.52 268.72 157.21
537.65 269.00 156.61
536.79 269.26 156.00
535.94 269.52 155.37
535.11 269.78 154.71
534.31 270.04 154.03
533.53 270.31 153.32
532.77 270.57 152.59
532.02 270.83 151.83
531.28 271.06 151.07
530.55 271.28 150.30
529.81 271.47 149.52
529.07 271.63 148.74
528.32 271.75 147.97
527.56 271.83 147.21
526.78 271.85 146.46
525.99 271.84 145.72
525.19 271.78 144.99
524.38 271.68 144.26
523.58 271.54 143.54
522.78 271.36 142.81
521.99 271.15 142.09
521.21 270.91 141.36
520.46 270.64 140.62
519.72 270.35 139.88
519.01 270.03 139.13
518.31 269.69 138.38
517.62 269.33 137.63
516.93 268.95 136.88
516.25 268.55 136.13
515.57 268.14 135.38
514.88 267.72 134.65
514.20 267.29 133.92
513.52 266.83 133.20
512.85 266.37 132.48
512.20 265.88 131.76
511.56 265.38 131.04
510.94 264.85 130.32
510.35 264.31 129.60
509.79 263.74 128.88
509.27 263.14 128.15
508.77 262.52 127.42
508.29 261.88 126.68
507.84 261.23 125.95
507.40 260.55 125.23
506.96 259.87 124.50
506.54 259.16 123.79
506.11 258.45 123.08
505.68 257.73 122.38
505.24 257.00 121.70
504.79 256.26 121.03
504.34 255.52 120.37
503.89 254.77 119.73
503.46 253.99 119.10
503.06 253.19 118.49
502.71 252.37 117.89
502.43 251.50 117.30
502.21 250.61 116.73
502.04 249.69 116.18
501.92 248.74 115.64
501.84 247.78 115.13
501.78 246.80 114.65
501.76 245.81 114.19
501.74 244.82 113.75
501.74 243.83 113.35
501.75 242.83 112.96
501.78 241.83 112.59
501.81 240.83 112.23
501.85 239.82 111.88
501.89 238.80 111.53
501.94 237.78 111.17
502.00 236.75 110.81
502.06 235.71 110.44
502.12 234.66 110.05
502.19 233.61 109.63
502.25 232.54 109.20
502.33 231.48 108.76
502.44 230.42 108.32
502.57 229.36 107.90
502.74 228.32 107.51
502.96 227.30 107.16
503.24 226.31 106.86
503.59 225.34 106.62
504.01 224.41 106.46
504.51 223.52 106.38
505.10 222.68 106.40
505.77 221.87 106.50
506.49 221.08 106.66
507.25 220.31 106.85
508.02 219.53 107.05
508.78 218.74 107.24
509.51 217.93 107.40
510.20 217.08 107.49
510.81 216.17 107.50
511.35 215.22 107.42
511.82 214.22 107.27
512.26 213.21 107.08
512.69 212.21 106.87
513.13 211.22 106.67
513.62 210.28 106.52
514.17 209.41 106.44
514.81 208.61 106.46
515.55 207.91 106.58
516.37 207.27 106.78
517.24 206.69 107.05
518.16 206.14 107.36
519.10 205.61 107.69
520.05 205.08 108.03
520.99 204.53 108.34
521.90 203.95 108.63
522.78 203.34 108.88
523.63 202.71 109.10
524.48 202.07 109.31
525.31 201.43 109.52
526.16 200.80 109.75
527.02 200.21 110.02
527.90 199.65 110.32
528.80 199.14 110.66
529.73 198.69 111.02
530.68 198.30 111.39
531.66 197.99 111.75
532.66 197.77 112.09
533.68 197.63 112.40
534.72 197.55 112.70
535.76 197.52 113.01
536.80 197.53 113.32
537.84 197.56 113.67
538.87 197.59 114.06
539.88 197.63 114.49
540.87 197.67 114.97
541.85 197.74 115.46
542.81 197.86 115.97
543.75 198.05 116.47
544.67 198.33 116.96
545.57 198.70 117.41
546.45 199.19 117.83
547.29 199.77 118.21
548.09 200.45 118.57
548.83 201.20 118.92
549.51 202.02 119.25
550.10 202.90 119.58
550.61 203.83 119.91
551.02 204.80 120.24
551.32 205.79 120.60
551.50 206.81 120.97
551.55 207.83 121.37
551.45 208.84 121.81
