0.00 0.00 0.00
15.77 -3.13 -11.89
16.30 -2.92 -11.22
17.65 -4.98 -7.98
17.27 -7.50 -6.74
16.74 -8.77 -6.53
17.43 -9.45 -2.63
17.52 -9.64 0.53
17.26 -10.04 1.17
17.12 -9.87 3.07
16.82 -9.12 5.83
17.04 -8.04 6.69
16.78 -6.25 8.92
16.48 -6.12 9.53
16.66 -5.30 9.71
16.41 -3.68 10.83
16.05 -2.56 11.65
16.45 -0.46 11.36
16.73 -0.25 10.96
16.77 1.09 10.85
15.35 4.75 11.91
15.16 5.50 11.83
16.03 5.70 10.52
15.71 7.35 9.96
14.77 9.96 9.09
13.62 11.81 8.66
12.26 13.47 8.27
11.72 14.33 7.57
10.23 15.77 6.83
7.66 17.45 6.06
8.23 17.37 5.54
6.66 17.99 5.65
3.45 18.93 5.46
1.91 19.34 4.72
-0.28 19.48 4.50
-3.13 19.26 4.40
-4.09 19.26 3.52
-3.83 19.60 1.06
-5.82 19.02 -2.11
-7.61 18.24 -3.08
-9.46 17.40 -2.79
-10.97 16.55 -2.38
-12.30 15.38 -3.49
-9.36 17.48 -2.59
-10.27 17.08 -1.68
-16.04 11.15 -4.27
-15.38 11.28 -6.02
-15.63 10.52 -6.70
-17.38 7.03 -6.97
-18.80 2.76 -6.25
-18.75 2.25 -6.59
-18.30 2.64 -7.62
-17.86 0.03 -9.00
-17.26 -3.37 -9.52
-16.07 -6.36 -10.06
-14.69 -8.39 -10.68
-12.00 -11.77 -10.83
-12.40 -10.22 -11.91
-11.66 -10.03 -12.79
-8.23 -14.25 -11.37
-5.05 -16.89 -9.45
-1.92 -17.79 -8.94
-2.67 -17.06 -10.10
-3.22 -17.10 -9.85
1.22 -18.25 -8.09
4.07 -18.23 -7.16
5.58 -18.17 -6.22
7.65 -17.66 -5.42
9.20 -17.20 -4.41
11.19 -16.30 -3.00
12.62 -15.43 -1.61
14.42 -13.80 1.30
13.82 -14.45 0.58
14.00 -14.27 0.57
16.70 -9.87 4.87
17.68 -7.06 6.13
18.08 -4.79 7.09
18.15 0.95 8.34
17.20 5.15 8.82
16.44 8.16 7.94
15.76 10.37 6.63
12.75 13.87 6.72
9.33 16.74 5.71
7.36 18.04 4.52
3.26 19.49 3.11
0.13 19.96 1.23
-2.74 19.71 -1.98
-5.68 18.65 -4.45
-8.03 17.13 -6.49
-11.22 14.36 -8.23
-13.13 11.36 -9.93
-14.63 7.90 -11.12
-14.91 4.78 -12.45
-14.43 0.63 -13.83
-13.75 -4.66 -13.76
-12.49 -7.65 -13.62
-10.43 -10.59 -13.38
-7.93 -13.73 -12.19
-5.33 -15.92 -10.87
-1.21 -17.98 -8.67
2.52 -18.75 -6.48
9.51 -17.53 -1.49
11.04 -16.68 -0.29
13.06 -15.11 1.01
15.92 -11.23 4.52
16.75 -9.41 5.56
18.38 -4.66 6.36
18.52 0.88 7.49
16.44 7.92 8.18
7.71 17.01 7.17
0.00 0.00 0.00
